Processing c:/Users/jitin/Desktop/Desk/drive/Documents/omr/OMR_SRS/image (13).tif...
DEBUG: process_sheet called
DEBUG: Corners found: 4
DEBUG: Gray stats: min=0, max=255, mean=232.0455617317476
DEBUG: Processing Answer ROI at x=56, y=1399, w=875, h=261
DEBUG: Processing Answer ROI at x=62, y=1146, w=872, h=161
DEBUG: Processing Center Code ROI
DEBUG: Processing Roll No ROI
DEBUG: Processing Set ROI
DEBUG: Processing Student Name ROI
DEBUG: Found only 142 bubbles in ROIs. Searching bottom half...
DEBUG: Found 437 bubbles in bottom half (Fallback)
DEBUG: Found 19 rows of bubbles
DEBUG: Found 5 column blocks of questions
DEBUG: Q1 Ratios: [0.09, 0.32, 0.32, 0.32, 0.33, 0.33, 0.32, 0.32, 0.33, 0.32, 0.86, 0.32, 0.32, 0.31, 0.31, 0.31, 0.3, 0.32]
DEBUG: Q2 Ratios: [0.03, 0.22, 0.22, 0.22, 0.23, 0.24, 0.22, 0.22, 0.22, 0.22, 0.22, 0.22, 0.21, 0.24, 0.23, 0.21, 0.23, 0.23, 0.23, 0.22, 0.21]
DEBUG: Q3 Ratios: [0.6, 0.43, 0.35, 0.62, 0.29, 0.41, 0.71, 0.45, 0.79, 0.33, 0.35, 0.14, 0.14, 0.14, 0.16, 0.13, 0.14, 0.15, 0.13, 0.14, 0.14, 0.14, 0.16, 0.14, 0.14, 0.14, 0.16, 0.14, 0.14, 0.15, 0.08, 0.14]
DEBUG: Q4 Ratios: [0.14, 0.43, 0.5, 0.4, 0.13, 0.13, 0.0, 0.5, 0.17, 0.6, 0.53, 0.33, 0.3, 0.13, 0.17, 0.06, 0.3, 0.17, 0.11, 0.27, 0.36, 0.27, 0.13]
DEBUG: Q5 Ratios: [0.48, 0.0, 0.05, 0.17, 0.83, 0.81, 0.05, 1.0, 0.43, 0.06, 0.54, 0.35, 0.37, 0.57, 0.28, 0.17, 0.19, 0.24, 0.37, 0.17, 0.33, 0.56, 0.53, 0.28, 0.4, 0.67, 0.31, 0.31, 0.54, 0.09, 0.2, 0.86, 0.42, 0.34, 0.52, 0.39, 0.37, 0.31, 0.71, 0.2, 0.2, 0.2, 0.21, 0.21, 0.21, 0.21, 0.21, 0.2, 0.19, 0.2, 0.2, 0.23, 0.2, 0.19, 0.2, 0.22, 0.2, 0.2, 0.22]
DEBUG: Q6 Ratios: [0.52, 0.0, 0.14, 0.17, 0.79, 0.29, 0.13, 0.43, 0.03, 0.74, 0.48, 0.07, 0.37, 0.06, 0.65, 0.36, 0.03, 0.07, 0.45, 0.36, 0.62, 0.14, 0.56, 0.09, 0.26, 0.29, 0.47, 0.47, 0.07, 0.6, 0.6, 0.37, 0.32, 0.39, 0.27, 0.37, 0.62, 0.19, 0.19, 0.18, 0.18, 0.18, 0.19, 0.18, 0.17, 0.17, 0.2, 0.19, 0.18, 0.2, 0.19, 0.19, 0.19, 0.19, 0.2, 0.18, 0.19]
DEBUG: Q7 Ratios: [0.84, 0.69, 0.4, 0.53, 0.24, 0.33, 0.33, 0.03, 0.27, 0.17, 0.2, 0.43, 0.44, 0.56, 0.07, 0.2, 0.74, 0.09, 0.27, 0.33, 0.2, 0.11, 0.4, 0.67, 0.47, 0.13, 0.56, 0.62, 0.33, 0.35, 0.31, 0.33, 0.34, 0.33, 0.33, 0.32, 0.35, 0.33, 0.32, 0.32, 0.32, 0.3, 0.3, 0.3, 0.3, 0.31, 0.32, 0.33, 0.32]
DEBUG: Q8 Ratios: [0.26, 0.24, 0.24, 0.25, 0.25, 0.25, 0.24, 0.24, 0.25, 0.25, 0.24, 0.25, 0.23, 0.23, 0.24, 0.25, 0.25, 0.26, 0.01, 0.15]
DEBUG: Q9 Ratios: [0.16, 0.15, 0.17, 0.16, 0.16, 0.16, 0.16, 0.87, 0.17, 0.18, 0.16, 0.17, 0.16, 0.16, 0.15, 0.16, 0.16, 0.16, 0.16, 0.02, 0.48]
DEBUG: Q10 Ratios: [0.12, 0.12, 0.13, 0.13, 0.75, 0.12, 0.12, 0.14, 0.12, 0.13, 0.13, 0.13, 0.13, 0.13, 0.15, 0.12, 0.12]
DEBUG: Q11 Ratios: [0.27, 0.25, 0.26, 0.26, 0.28, 0.27, 0.26, 0.26, 0.26, 0.26, 0.27, 0.26, 0.26, 0.25, 0.27, 0.25, 0.25, 0.12]
DEBUG: Q12 Ratios: [0.23, 0.23, 0.22, 0.21, 0.23, 0.22, 0.21, 0.23, 0.23, 0.23, 0.23, 0.22, 0.22, 0.21, 0.22, 0.21, 0.22, 0.01, 0.17]
DEBUG: Q13 Ratios: [0.18, 0.19, 0.85, 0.17, 0.19, 0.18, 0.19, 0.19, 0.19, 0.19, 0.19, 0.2, 0.18, 0.18, 0.18, 0.19, 0.18, 0.19, 0.12]
DEBUG: Q14 Ratios: [0.22, 0.23, 0.22, 0.22, 0.22, 0.21, 0.21, 0.21, 0.85, 0.22, 0.21, 0.21, 0.21, 0.21, 0.08]
DEBUG: Q15 Ratios: [0.1, 0.1, 0.09, 0.1, 0.12, 0.1, 0.1, 0.09, 0.1, 0.1, 0.79, 0.1, 0.09, 0.09, 0.09]
DEBUG: Q16 Ratios: [0.14, 0.13, 0.11, 0.11, 0.11, 0.12, 0.13, 0.11, 0.11, 0.11, 0.11, 0.11, 0.12, 0.12, 0.11, 0.12]
DEBUG: Q17 Ratios: [0.2, 0.2, 0.2, 0.2, 0.2, 0.23, 0.81, 0.19, 0.21, 0.21, 0.19, 0.2, 0.19, 0.19, 0.2, 0.2]
DEBUG: Q18 Ratios: [0.71]
DEBUG: Q19 Ratios: [0.71]

--- Extraction Results ---
Center Code: ??
Roll No: ??
Set: D
Student Name: AA     D   A    D  F    D      D AC    B              MC
Answers Found: 6
First 5 Answers:
  Q3: ['A', 'D']
  Q6: ['A']
  Q7: ['A', 'B', 'D']
  Q13: ['C']
  Q18: ['A']
